# File exported by ZBrush version 4.7
# www.zbrush.com
#Vertex Count 383
#Face Count 376
#Auto scale x=0.016913 y=0.016913 z=0.016913
#Auto offset x=-0.000000 y=-0.039566 z=0.893082
v 0.0156167 1.26381557 7.01136009
v 0.00375729 1.18072977 6.89959899
v 0.02523141 0.98990591 6.59957934
v 0.02308102 1.18803929 6.92752517
v 0.01324658 1.19884355 6.88779979
v 0.02180637 1.29975921 7.03134965
v 0.0307074 1.20445857 6.91490834
v 0.05351894 0.96583041 6.53329519
v 0.13487087 0.88906315 6.02105561
v 0.10878521 0.87695459 5.97693901
v 0.03823634 0.96456179 6.39737886
v 0.13120246 0.97123496 5.92550254
v 0.13180656 1.00691186 5.79508052
v 0.08953274 0.9880484 5.88589347
v 0.02505504 1.24841084 5.33024919
v 0.02084826 1.18259674 5.34569951
v 0.00428221 1.52213565 4.63020217
v -0.0114555 1.43183306 4.71083003
v 0.07470305 1.12151693 5.35188458
v 0.0206876 1.3643374 4.75228581
v 0.06698671 1.3436714 4.80886065
v 0.09046894 1.3844741 4.83094361
v 0.12097222 1.1095077 5.48471719
v -0.00025965 1.6062496 3.92322647
v 0.08204875 1.57542704 4.13061818
v -0.00211779 1.75434526 3.67988739
v 0.06222044 1.49598818 4.69820263
v 0.09117534 1.73941229 3.78414184
v -0.09340241 1.80468508 3.04737563
v -0.07845867 1.6858421 3.0583854
v -0.15601132 1.78117105 2.6921838
v -0.16226078 1.66794727 2.66604795
v -0.1902408 1.72259725 2.3715508
v -0.19885713 1.59098717 2.35772516
v -0.06860389 1.8699815 2.78274653
v -0.09428199 1.81948568 2.39437739
v 0.02627697 1.64558302 3.20729213
v 0.05070409 1.54450844 2.66735897
v -0.09590351 1.58279251 2.66709817
v 0.02574274 1.89187515 3.07811416
v 0.03950233 1.90108072 2.73944051
v 0.11240405 1.86476242 3.17634566
v 0.13652391 1.86235139 2.77823549
v 0.08321624 1.20542663 5.42084716
v 0.13812926 0.96257896 6.00981324
v 0.26260593 0.97239334 6.62269844
v 0.19127519 0.89010237 6.09985791
v 0.19970049 0.95409795 6.49920862
v 0.11574332 1.69015777 3.30063549
v 0.14735684 1.79302107 3.2373822
v 0.18466731 1.7700984 2.80126648
v 0.204752 1.57702319 2.41647445
v 0.2101142 1.71432897 2.46009061
v 0.15962106 1.65117722 2.78664083
v 0.13332886 1.4575877 2.35878948
v 0.16879385 1.39627297 2.09543969
v 0.22948798 1.52103812 2.12294648
v 0.02180883 1.4221232 2.34037526
v 0.03667422 1.34915437 2.08308366
v 0.18783269 1.68923887 2.18353896
v 0.15574985 1.80391327 2.45501216
v 0.05126863 1.76266542 2.11872443
v 0.04117106 1.84565838 2.41646741
v 0.18573913 1.60983024 1.88995813
v 0.06212871 1.67623058 1.875699
v 0.22917753 1.48703233 1.88626471
v 0.15654549 0.86927734 6.06494313
v 0.24644654 0.9875386 6.68894734
v 0.29855534 1.22597622 7.01114159
v 0.29903238 1.30942756 7.09616771
v 0.27065078 1.20949241 6.9882128
v 0.29833805 1.24697372 6.99578289
v 0.30219609 1.35218853 7.1137044
v 0.27135871 1.23440612 6.97451755
v 0.077087 1.48673696 1.69154269
v 0.06558605 1.39040619 1.73886988
v -0.09287966 1.44125163 1.75086291
v -0.03172351 1.50204224 1.68554794
v 0.18483307 1.47739598 1.74535803
v 0.1691646 1.39326193 1.75977223
v 0.18165623 1.3762747 1.87872281
v 0.05315829 1.33550681 1.87243202
v -0.09772535 1.37152511 1.87496243
v -0.18306271 1.46182297 1.87342938
v -0.20665562 1.5116439 2.08277352
v -0.11308489 1.39565931 2.08248454
v -0.19989898 1.64803215 2.08525812
v -0.18172903 1.58037399 1.86526369
v -0.09781108 1.74476574 2.09630313
v -0.08516187 1.66313997 1.8647421
v -0.06155556 1.57788493 1.72689447
v -0.14285294 1.53836181 1.74835365
v 0.0717311 1.58781985 1.73151829
v -0.11412821 1.47721366 2.35278416
v 0.17022744 1.56614239 1.75735106
v 0.00903562 1.22956248 6.96758182
v 0.00673015 1.10762289 6.80087057
v 0.02178005 1.11181466 6.8242998
v 0.018866 1.23352561 6.98127002
v 0.01200725 1.17268159 6.90509682
v 0.00534828 1.18942818 6.89251524
v 0.01919104 1.29062269 7.03189239
v 0.01724279 1.27501312 6.99394323
v 0.01158479 1.2623529 6.991293
v 0.02616626 1.27786919 7.00607371
v 0.02389636 1.20408797 6.89728708
v 0.02261416 1.26696042 6.98365947
v 0.0289965 1.19736733 6.92729256
v 0.02480942 1.26679973 7.00880148
v 0.0378296 1.08768839 6.75375835
v 0.0456908 0.96248722 6.55941695
v 0.03374542 1.08722242 6.77944311
v 0.08472435 0.89512035 6.28003181
v 0.06053344 0.88817449 6.26507136
v 0.12336806 0.86541762 6.01620272
v 0.07503618 0.88077499 6.28991734
v 0.04792058 0.9734885 6.48814951
v 0.13621007 0.93075694 5.98861134
v 0.0831516 0.94102066 6.13603436
v 0.08338882 0.9186682 6.23527732
v 0.12769203 0.99830563 5.85724481
v 0.07207689 0.94273543 6.09880768
v 0.09550088 0.96155638 6.0116529
v 0.10618408 0.92633081 5.90792709
v 0.02183358 0.96771941 6.48688078
v 0.05609226 0.91142002 6.19724711
v 0.0163218 1.08288517 6.7042285
v 0.02997628 1.08862728 6.72442247
v 0.00672437 1.08109264 6.72884893
v 0.04922982 1.11950127 5.60222988
v 0.0127099 1.23075918 5.31555305
v 0.04975085 1.07441595 5.61309515
v 0.03165828 1.13831792 5.52100642
v 0.01017336 1.38632356 5.00746639
v -0.01168998 1.48565066 4.65497062
v -0.00049664 1.3101704 5.03895559
v -0.00358504 1.35884133 5.00988755
v 0.04408551 1.1331311 5.37667417
v 0.00093392 1.38426132 4.75968322
v 0.03672934 1.25232904 5.03460666
v 0.01602056 1.26578993 5.06023151
v 0.07044475 1.23512221 5.07153026
v 0.0842294 1.34704069 4.85470765
v 0.10078069 1.25154413 5.15912556
v 0.11095662 1.08762143 5.46065007
v 0.09296635 1.22305396 5.14840126
v 0.04828005 1.57582186 4.02268794
v 0.06846449 1.45279394 4.51605515
v 0.04382443 1.35594692 4.75372019
v 0.01354021 1.4744562 4.42879817
v 0.04257226 1.46617966 4.4329004
v -0.01139746 1.52763481 4.37188148
v -0.00304992 1.46668286 4.51713709
v 0.04928807 1.27220252 4.9675507
v 0.00432926 1.64229654 4.20466978
v -0.02129698 1.68169791 3.81311824
v -0.01332679 1.59491742 4.25790362
v 0.03224222 1.52555379 4.64910979
v 0.06920717 1.62266535 4.27925707
v 0.04801465 1.75705514 3.77787571
v 0.03737831 1.65122177 4.22343643
v -0.04931915 1.795894 3.30273947
v -0.0945003 1.74936439 3.09107636
v -0.03791656 1.68223916 3.41530058
v -0.0526077 1.73315922 3.40296569
v -0.13003108 1.79717479 2.8573162
v -0.16762481 1.72526032 2.68176611
v -0.13123934 1.68851745 2.83054597
v -0.13566711 1.74485632 2.86302901
v -0.17561478 1.7559988 2.52986377
v -0.20680439 1.65785056 2.36351551
v -0.18387376 1.63246724 2.51013852
v -0.19081629 1.69489376 2.51858263
v -0.12617692 1.82791525 2.71354783
v -0.08521006 1.84928775 2.5654129
v -0.15105743 1.7783419 2.38297643
v -0.1395671 1.80838968 2.54624449
v -0.08376649 1.84692672 2.94942959
v -0.11762923 1.83109159 2.8370306
v -0.02489662 1.65430659 3.13376564
v 0.01742236 1.64594982 3.49857867
v -0.0167949 1.66421205 3.34897766
v 0.03535075 1.61264722 2.94014319
v -0.08689315 1.63297979 2.83877158
v -0.03300622 1.55708259 2.68145245
v -0.02924642 1.61481249 2.8951561
v -0.13970145 1.61882755 2.65428399
v -0.12417476 1.64788755 2.77462313
v 0.01174767 1.8460564 3.31161001
v -0.01932253 1.89067096 2.96397419
v -0.0373017 1.85325166 3.12993125
v -0.01254986 1.8966631 2.73870394
v 0.03701508 1.90837034 2.90071032
v 0.00059844 1.90735293 2.86459025
v 0.12515494 1.87364122 2.96637773
v 0.09138118 1.88914532 2.75886619
v 0.07221188 1.88266802 3.14690405
v 0.08320407 1.8974095 2.93907886
v 0.10066046 1.82729206 3.41955435
v 0.0599891 1.8369826 3.41285122
v 0.0672191 1.35378303 5.0763902
v 0.05178783 1.23831926 5.37231819
v 0.03691567 1.38430659 5.03320049
v 0.10732235 0.9827248 5.94771239
v 0.1084917 1.06807747 5.73109771
v 0.07614926 1.09960532 5.67284886
v 0.22938261 0.88607954 6.36985444
v 0.17210474 0.92885571 6.06757575
v 0.16750897 0.91818273 6.24934966
v 0.23851025 0.97586495 6.58166909
v 0.2063019 0.9085287 6.33017135
v 0.14299044 0.91180989 6.21806487
v 0.1349968 0.92212142 6.14914458
v 0.15181418 0.98029549 5.79934839
v 0.10966333 1.15698402 5.46359282
v 0.13768029 1.02429887 5.77738877
v 0.08324334 1.44274387 4.76584362
v 0.091022 1.30359932 5.125113
v 0.08678258 1.49092823 4.5082595
v 0.09871096 1.65864511 3.97162504
v 0.08576499 1.56233477 4.3815767
v 0.08149636 1.43309915 4.62873961
v 0.07613916 1.65710606 3.27330138
v 0.0970701 1.66385225 3.64592416
v 0.0611085 1.64057572 3.60783051
v 0.13978708 1.73917346 3.28451908
v 0.12524156 1.77746965 3.48167283
v 0.11848963 1.7161944 3.59320486
v 0.13881452 1.83679301 3.19278278
v 0.12531057 1.8219472 3.36534077
v 0.16671708 1.7893836 3.00996216
v 0.16874146 1.82230227 2.7931325
v 0.1542593 1.83763597 2.98700165
v 0.21595023 1.6480788 2.44086228
v 0.19985678 1.74257266 2.61811458
v 0.18179168 1.71132058 2.80196076
v 0.18374315 1.61364591 2.58801041
v 0.2009944 1.67963479 2.60887752
v 0.10481521 1.49610508 2.4956186
v 0.17588662 1.51103839 2.38880202
v 0.11793241 1.59597817 2.74872692
v 0.14914456 1.55070562 2.55142515
v 0.15338761 1.42290305 2.22450135
v 0.21001121 1.45145423 2.10749616
v 0.22015696 1.54617354 2.26390955
v 0.19593502 1.4776652 2.24318342
v 0.08308806 1.42564403 2.33747128
v 0.02730979 1.37980446 2.20817349
v 0.10914169 1.36087052 2.08717532
v 0.09599746 1.38898514 2.21219114
v 0.02610269 1.4727666 2.47762024
v 0.07267701 1.45901695 2.43640058
v 0.13645188 1.68116591 3.02208559
v 0.09386179 1.63789827 2.99164309
v 0.16087291 1.73435801 3.02576491
v 0.22427544 1.59894895 2.14403561
v 0.21033244 1.69431209 2.32602451
v 0.2238664 1.6213996 2.28997492
v 0.19060723 1.76669865 2.46916908
v 0.16704416 1.76120483 2.32398044
v 0.19450044 1.74320658 2.36814638
v 0.12334008 1.73838623 2.14078273
v 0.04520219 1.80634319 2.26372981
v 0.10448959 1.83128934 2.4342825
v 0.11295825 1.78880265 2.28670089
v 0.18727357 1.64281108 2.01135806
v 0.13138055 1.65283885 1.88436866
v 0.05708957 1.71901391 1.98747773
v 0.12885506 1.69240013 2.00017209
v 0.21877738 1.55201152 1.88980658
v 0.23308923 1.50085924 1.99475883
v 0.22335142 1.57382758 2.00481
v 0.14652407 1.8374092 2.60746781
v 0.18137073 1.79607054 2.61764233
v 0.11427585 0.96749959 5.74212157
v 0.12057123 0.91186551 6.00045635
v 0.07958202 1.00806517 5.69224634
v 0.18476462 0.86437422 6.0972852
v 0.26355235 0.96435937 6.64798143
v 0.20064065 0.86571333 6.36537159
v 0.22635622 0.8657663 6.38141399
v 0.28354522 1.13609258 6.90893826
v 0.2999469 1.27523206 7.06397719
v 0.28617051 1.26689555 7.05284055
v 0.26081505 1.1232578 6.88813107
v 0.28376559 1.2031166 6.99083484
v 0.30245655 1.23808302 7.0082658
v 0.30403445 1.32902482 7.08655355
v 0.30219108 1.33914736 7.11381717
v 0.30663791 1.314482 7.08923903
v 0.29071115 1.32283337 7.07729886
v 0.28463768 1.24540444 6.98121363
v 0.29517454 1.31982895 7.06749439
v 0.24532214 1.09853252 6.79603529
v 0.28467601 1.11499188 6.83793161
v 0.26584758 1.11209065 6.81259223
v 0.2673811 1.21982387 6.98036076
v 0.28767897 1.30460858 7.07526889
v 0.21081714 0.95561988 6.5858418
v 0.24396271 1.0936163 6.82222754
v 0.2887504 1.11334308 6.86372914
v 0.16655736 0.88384219 6.30315443
v 0.14313629 0.95623068 5.7864602
v 0.07232254 1.43575082 1.70472692
v -0.01012653 1.40620982 1.73828133
v -0.05481349 1.47710082 1.70249607
v 0.01340652 1.49485254 1.68411004
v 0.0044831 1.45064778 1.69945816
v 0.18017171 1.42665236 1.75023207
v 0.12990504 1.38755947 1.74759593
v 0.13777536 1.4805645 1.7104644
v 0.13506832 1.42924053 1.72036755
v 0.17784215 1.38241913 1.80287384
v 0.21447779 1.47915524 1.80303595
v 0.2165644 1.42512525 1.8828638
v 0.20529301 1.42413048 1.80281393
v 0.17849466 1.38039378 1.97841335
v 0.2173819 1.4338708 1.98577551
v 0.12526817 1.34553661 1.87519855
v 0.05913409 1.35517775 1.79493017
v 0.1279328 1.35993495 1.79868703
v 0.04552629 1.33361274 1.96943003
v 0.1189613 1.34574355 1.97335957
v -0.09160182 1.38989847 1.80573201
v -0.02502762 1.34522097 1.87240735
v -0.01848358 1.36677001 1.79616718
v -0.15211429 1.4103626 1.87773954
v -0.15369776 1.44957255 1.80488971
v -0.13842731 1.41059388 1.8222678
v -0.19916504 1.48190069 1.96675864
v -0.10622712 1.37472106 1.96889434
v -0.17079056 1.44748983 2.08262551
v -0.16397386 1.42225409 1.96828817
v -0.19429956 1.61226165 1.96477449
v -0.19411418 1.5221285 1.86830512
v -0.21670483 1.58127967 2.08297441
v -0.20988715 1.54818566 1.96565203
v -0.20650109 1.54939327 2.21468631
v -0.19837855 1.68598373 2.2228802
v -0.21551617 1.61910151 2.21787928
v -0.09299841 1.70416783 1.96990933
v -0.14396751 1.62905736 1.86393152
v -0.15868054 1.70427339 2.08939207
v -0.15383282 1.66632853 1.96674455
v -0.02497726 1.76484016 2.10554725
v -0.01348409 1.67947642 1.86865402
v -0.01957451 1.72263112 1.97725387
v -0.07470876 1.62105637 1.7827856
v -0.11270422 1.55760087 1.73524343
v -0.16243282 1.55463075 1.79002794
v -0.12965128 1.59316609 1.7853583
v 0.06672359 1.63301063 1.78931604
v 0.00314894 1.58835202 1.72544248
v -0.00540987 1.63483999 1.78374067
v -0.09830619 1.78376627 2.23836576
v -0.02732429 1.84227091 2.40337128
v -0.02790279 1.80521493 2.24818786
v -0.1577065 1.74241506 2.2291005
v -0.11609811 1.43103658 2.21156734
v -0.16659312 1.52848449 2.35493043
v -0.17189398 1.48419839 2.21285722
v -0.04072492 1.36158584 2.08251625
v -0.03288306 1.34399365 1.96814368
v -0.04738484 1.44059871 2.34865726
v -0.0467067 1.39508816 2.21003782
v -0.10644636 1.52944319 2.5049614
v -0.15547375 1.5755109 2.50399575
v -0.04202407 1.49522997 2.50075696
v -0.13117563 1.50121899 1.74303202
v -0.16791843 1.50481158 1.79446145
v 0.18035644 1.52962546 1.74835365
v 0.17950576 1.58398387 1.80385006
v 0.20604135 1.53651026 1.8043505
v 0.13269306 1.57796268 1.7431448
v 0.13207013 1.61571459 1.7974923
v 0.07576701 1.5383177 1.69972248
v 0.13606968 1.53262427 1.71696313
v -0.04604166 1.53482649 1.69566959
v 0.01109092 1.54081921 1.692896
v -0.09143946 1.51752478 1.71099657
v 0.0394387 1.87829844 2.57653897
v -0.02277796 1.87364733 2.56962439
v 0.09744335 1.86531358 2.59018488
g Group37201
f 1 96 100 99
f 96 2 97 100
f 100 97 3 98
f 99 100 98 4
f 5 101 104 103
f 101 2 96 104
f 104 96 1 102
f 103 104 102 6
f 6 105 107 103
f 105 7 106 107
f 103 107 106 5
f 6 102 109 105
f 102 1 99 109
f 109 99 4 108
f 105 109 108 7
f 8 110 112 111
f 110 7 108 112
f 112 108 4 98
f 111 112 98 3
f 9 113 116 115
f 113 8 111 116
f 116 111 3 114
f 115 116 114 10
f 11 117 120 119
f 117 8 113 120
f 120 113 9 118
f 119 120 118 12
f 11 119 123 122
f 119 12 121 123
f 122 123 121 13
f 11 122 126 125
f 122 13 124 126
f 126 124 10 114
f 125 126 114 3
f 8 117 128 110
f 117 11 127 128
f 128 127 5 106
f 110 128 106 7
f 3 97 129 125
f 97 2 101 129
f 129 101 5 127
f 125 129 127 11
f 14 130 133 132
f 130 15 131 133
f 132 133 131 16
f 16 131 137 136
f 131 15 134 137
f 137 134 17 135
f 136 137 135 18
f 19 138 141 140
f 138 16 136 141
f 141 136 18 139
f 140 141 139 20
f 19 142 146 145
f 142 21 143 146
f 146 143 22 144
f 145 146 144 23
f 24 147 151 150
f 147 25 148 151
f 151 148 21 149
f 150 151 149 20
f 24 150 153 152
f 150 20 139 153
f 152 153 139 18
f 19 140 154 142
f 140 20 149 154
f 142 154 149 21
f 17 155 157 135
f 155 26 156 157
f 157 156 24 152
f 135 157 152 18
f 26 155 161 160
f 155 17 158 161
f 161 158 27 159
f 160 161 159 28
f 26 162 165 156
f 162 29 163 165
f 165 163 30 164
f 156 165 164 24
f 29 166 169 163
f 166 31 167 169
f 169 167 32 168
f 163 169 168 30
f 32 167 173 172
f 167 31 170 173
f 173 170 33 171
f 172 173 171 34
f 33 170 177 176
f 170 31 174 177
f 177 174 35 175
f 176 177 175 36
f 31 166 179 174
f 166 29 178 179
f 174 179 178 35
f 24 164 182 181
f 164 30 180 182
f 181 182 180 37
f 38 183 186 185
f 183 37 180 186
f 186 180 30 184
f 185 186 184 39
f 30 168 188 184
f 168 32 187 188
f 184 188 187 39
f 29 162 191 178
f 162 26 189 191
f 191 189 40 190
f 178 191 190 35
f 41 192 194 193
f 192 35 190 194
f 193 194 190 40
f 42 195 198 197
f 195 43 196 198
f 198 196 41 193
f 197 198 193 40
f 26 160 200 189
f 160 28 199 200
f 200 199 42 197
f 189 200 197 40
f 44 201 203 202
f 201 27 158 203
f 203 158 17 134
f 202 203 134 15
f 44 202 206 205
f 202 15 130 206
f 206 130 14 204
f 205 206 204 45
f 46 207 211 210
f 207 47 208 211
f 211 208 45 209
f 210 211 209 48
f 48 209 213 212
f 209 45 204 213
f 212 213 204 14
f 47 214 216 208
f 214 23 215 216
f 216 215 44 205
f 208 216 205 45
f 23 144 218 215
f 144 22 217 218
f 218 217 27 201
f 215 218 201 44
f 27 217 221 159
f 217 22 219 221
f 221 219 25 220
f 159 221 220 28
f 21 148 222 143
f 148 25 219 222
f 143 222 219 22
f 24 181 225 147
f 181 37 223 225
f 225 223 49 224
f 147 225 224 25
f 28 220 228 227
f 220 25 224 228
f 228 224 49 226
f 227 228 226 50
f 28 227 230 199
f 227 50 229 230
f 199 230 229 42
f 42 229 233 195
f 229 50 231 233
f 233 231 51 232
f 195 233 232 43
f 52 234 238 237
f 234 53 235 238
f 238 235 51 236
f 237 238 236 54
f 38 239 242 241
f 239 55 240 242
f 242 240 52 237
f 241 242 237 54
f 52 240 246 245
f 240 55 243 246
f 246 243 56 244
f 245 246 244 57
f 56 243 250 249
f 243 55 247 250
f 250 247 58 248
f 249 250 248 59
f 55 239 252 247
f 239 38 251 252
f 247 252 251 58
f 54 253 254 241
f 253 49 223 254
f 254 223 37 183
f 241 254 183 38
f 54 236 255 253
f 236 51 231 255
f 255 231 50 226
f 253 255 226 49
f 57 256 258 245
f 256 60 257 258
f 258 257 53 234
f 245 258 234 52
f 61 259 261 260
f 259 53 257 261
f 260 261 257 60
f 60 262 265 260
f 262 62 263 265
f 265 263 63 264
f 260 265 264 61
f 60 266 269 262
f 266 64 267 269
f 269 267 65 268
f 262 269 268 62
f 66 270 272 271
f 270 64 266 272
f 272 266 60 256
f 271 272 256 57
f 61 273 274 259
f 273 43 232 274
f 274 232 51 235
f 259 274 235 53
f 14 132 277 276
f 132 16 138 277
f 277 138 19 275
f 276 277 275 67
f 67 278 281 280
f 278 47 207 281
f 281 207 46 279
f 280 281 279 68
f 68 282 286 285
f 282 69 283 286
f 286 283 70 284
f 285 286 284 71
f 69 287 290 283
f 287 72 288 290
f 290 288 73 289
f 283 290 289 70
f 74 291 293 292
f 291 73 288 293
f 292 293 288 72
f 48 294 296 210
f 294 74 292 296
f 296 292 72 295
f 210 296 295 46
f 74 297 298 291
f 297 71 284 298
f 298 284 70 289
f 291 298 289 73
f 74 294 300 297
f 294 48 299 300
f 300 299 68 285
f 297 300 285 71
f 46 295 301 279
f 295 72 287 301
f 301 287 69 282
f 279 301 282 68
f 67 280 302 276
f 280 68 299 302
f 302 299 48 212
f 276 302 212 14
f 23 214 303 145
f 214 47 278 303
f 303 278 67 275
f 145 303 275 19
f 75 304 308 307
f 304 76 305 308
f 308 305 77 306
f 307 308 306 78
f 79 309 312 311
f 309 80 310 312
f 312 310 76 304
f 311 312 304 75
f 81 313 316 315
f 313 80 309 316
f 316 309 79 314
f 315 316 314 66
f 57 244 318 271
f 244 56 317 318
f 318 317 81 315
f 271 318 315 66
f 81 319 321 313
f 319 82 320 321
f 321 320 76 310
f 313 321 310 80
f 59 322 323 249
f 322 82 319 323
f 323 319 81 317
f 249 323 317 56
f 83 324 326 325
f 324 77 305 326
f 326 305 76 320
f 325 326 320 82
f 83 327 329 324
f 327 84 328 329
f 324 329 328 77
f 85 330 333 332
f 330 84 327 333
f 333 327 83 331
f 332 333 331 86
f 87 334 337 336
f 334 88 335 337
f 337 335 84 330
f 336 337 330 85
f 85 338 340 336
f 338 34 171 340
f 340 171 33 339
f 336 340 339 87
f 89 341 344 343
f 341 90 342 344
f 344 342 88 334
f 343 344 334 87
f 90 341 347 346
f 341 89 345 347
f 347 345 62 268
f 346 347 268 65
f 88 342 351 350
f 342 90 348 351
f 351 348 91 349
f 350 351 349 92
f 90 346 354 348
f 346 65 352 354
f 354 352 93 353
f 348 354 353 91
f 89 355 357 345
f 355 36 356 357
f 357 356 63 263
f 345 357 263 62
f 36 355 358 176
f 355 89 343 358
f 358 343 87 339
f 176 358 339 33
f 86 359 361 332
f 359 94 360 361
f 361 360 34 338
f 332 361 338 85
f 59 362 363 322
f 362 86 331 363
f 363 331 83 325
f 322 363 325 82
f 58 364 365 248
f 364 94 359 365
f 365 359 86 362
f 248 365 362 59
f 94 366 367 360
f 366 39 187 367
f 367 187 32 172
f 360 367 172 34
f 58 251 368 364
f 251 38 185 368
f 368 185 39 366
f 364 368 366 94
f 88 350 370 335
f 350 92 369 370
f 370 369 77 328
f 335 370 328 84
f 66 314 373 270
f 314 79 371 373
f 373 371 95 372
f 270 373 372 64
f 64 372 375 267
f 372 95 374 375
f 375 374 93 352
f 267 375 352 65
f 75 376 377 311
f 376 93 374 377
f 377 374 95 371
f 311 377 371 79
f 91 353 379 378
f 353 93 376 379
f 379 376 75 307
f 378 379 307 78
f 91 378 380 349
f 378 78 306 380
f 380 306 77 369
f 349 380 369 92
f 41 381 382 192
f 381 63 356 382
f 382 356 36 175
f 192 382 175 35
f 61 264 383 273
f 264 63 381 383
f 383 381 41 196
f 273 383 196 43

 